001137
000345
000593
001002
001024
000649
000282
001150
001124
001185
000718
000968
001015
000945
000193
000746
000621
000085
000064
000312
001297
001039
000066
000659
000227
000951
000937
000547
000948
000859
000058
000422
001140
000822
000745
000881
001271
000851
000848
001016
001100
001208
000073
000158
001279
000063
001181
000515
001054
000844
001177
000934
000663
000841
000205
000211
000168
001061
001299
000818
001070
001305
001095
000695
000375
000061
000669
000347
000748
000946
001274
001059
000679
000999
000794
000576
001094
000825
000013
000627
000487
001201
000457
000916
000030
000693
000183
000467
001258
000970
000263
000858
000668
000526
000736
001146
000247
000367
000050
000773
001159
001306
001310
000571
001031
000461
000652
000444
001194
001156
000014
000250
000134
001301
000768
000823
000040
000891
001200
001233
000119
001324
000793
000293
000143
001011
000834
000095
000017
001116
000653
000755
000705
000723
000738
000364
000791
000048
000228
000956
000570
000116
000350
000276
001022
000369
001225
000129
000947
000800
000154
001168
000602
000210
001284
000534
000814
001132
000257
000688
001056
000430
000900
000833
000171
000567
001043
001085
000895
001121
000979
000363
000311
000229
000234
001005
001119
001327
000780
000277
001052
000856
000871
000472
000083
000147
000096
000152
001158
000453
000057
000411
000388
000082
000655
001086
000539
000381
000527
000309
000418
000306
000088
001007
000690
000686
000428
000605
001067
001025
001245
001045
001065
000540
000658
000978
000117
000184
000459
000819
001048
000271
000358
000145
000239
000126
000115
000497
000847
000604
000223
000810
000460
001001
000826
000981
000429
001277
001080
000707
000221
000265
000672
000752
000481
000384
000236
000125
000892
000238
000639
000914
000432
000489
000513
000719
000643
000712
000242
001207
000201
001312
000524
000198
000543
000028
001323
000331
000222
000869
000692
000842
000795
001078
000052
001256
000292
000070
000443
000343
000504
000203
000204
000943
000886
000337
000146
000778
001051
001182
000972
000568
000585
000925
000280
000741
000360
000969
000975
000942
000998
000356
000697
000403
000514
000401
001192
000764
000445
000865
000564
000149
000584
001019
001017
000308
001318
000018
000056
000232
000777
000328
001219
000577
000383
001276
000354
000029
000006
000105
000074
000275
000612
000008
001093
000034
000949
000039
001138
000677
001230
001243
000323
000488
000413
000700
000854
000217
000101
000518
000578
000950
000031
000888
000256
000419
000872
001147
001033
001113
000884
001292
000235
000185
000404
001071
000340
000387
000990
000254
000953
000770
000241
000357
000905
000068
000097
000108
000618
000982
000743
000279
001058
001196
001275
000760
000054
000624
001179
000338
000206
000177
000565
000130
000136
000551
000288
000619
000852
001165
000321
001231
000393
000372
000512
000424
001211
000977
000580
000218
000964
000407
001027
001106
000102
000776
000160
000072
001062
000899
000024
000594
000044
001313
000069
001187
000993
000161
000505
001290
000546
000258
001064
001228
001115
000674
001293
001269
001247
000641
000172
000181
000726
000033
000437
001263
000989
000376
000959
000491
001090
001104
000796
000290
000179
000442
001035
001136
000251
000342
000098
001166
000829
001049
000402
000339
000427
001014
000139
001152
000479
000175
000435
001072
000246
000414
000638
000904
001321
000396
000805
000005
001046
000586
001226
000079
000725
000827
000103
001205
000368
000278
000190
000544
000997
000431
000919
001197
001030
000454
001157
000164
001037
000642
000828
000675
000702
000310
000797
000123
001170
001117
000857
000477
000180
001130
000855
001109
001009
000199
000676
000132
000441
001261
000878
000283
000408
000244
000322
000932
